306713
306713
306713
306713
306713
306713
306713
306713
306714
306714
306714
306719
306719
306719
306719
306719
306720
306720
306720
306720
306720
306720
306722
306722
306722
306722
306722
306722
306722
306722
306722
306723
306723
306723
306723
306723
306724
306724
306724
306724
306724
306724
306724
306726
306726
306726
306726
306726
306726
306726
306726
306726
306726
306726
306726
306726
306726
306726
306727
306727
306727
306727
306727
306727
306727
306727
306727
306732
306732
306732
306732
306732
306732
306732
306732
306732
306733
306733
306733
306736
306736
306736
306736
306736
306736
306736
306736
306736
306736
306736
306736
306737
306737
306737
306737
306737
306740
306740
306740
306740
306740
306740
306740
306740
306741
306741
306741
306741
306741
306744
306744
306744
306744
306744
306744
306744
306744
306744
306745
306745
306745
306745
306745
306745
306745
306745
306745
306745
306748
306748
306748
306748
306748
306749
306749
306749
306749
306749
306749
306749
306749
306749
306749
308075
308075
308075
308075
308075
308076
308076
308076
308076
308076
308076
308080
308080
308080
308080
308080
308080
308082
308082
308082
308082
308082
308085
308085
308085
308085
308085
308088
308088
308088
308091
308091
308091
308091
308091
308091
308091
308091
308092
308092
308092
308092
308092
308092
308092
308092
308092
308092
308092
308092
308092
308092
308092
308095
308095
308095
308095
308095
308095
308095
308095
308095
308095
308095
308096
308096
308096
308096
308098
308098
308098
308098
308098
308098
308100
308100
308100
308100
308100
308101
308101
308101
308101
308103
308103
308104
308104
308104
308104
308104
308110
308110
308110
308110
308110
308110
308110
308114
308114
308114
308114
308114
308114
308114
308114
308114
308115
308115
308115
308115
308115
308115
308115
308115
308115
308118
308118
308118
308118
308118
308118
308118
308119
308119
308119
308119
308119
308119
308119
308119
308119
308119
308119
308119
308137
308137
308137
308137
308137
308137
308137
308137
308137
308137
308137
308137
308137
308137
308137
308137
308137
308137
308137
308137
308137
308137
308137
308137
308137
308137
308137
308138
308138
308138
308138
308138
308138
308138
308138
308138
308138
308138
308138
308138
308138
308138
308138
308138
308138
308138
308138
308138
308138
308138
308138
308138
308138
308138
308138
308138
308138
308138
308138
308138
308138
308138
308138
308142
308142
308142
308142
308142
308142
308142
308142
308159
308159
308159
308159
308159
308159
308160
308160
308160
308160
308160
308160
308160
308160
308160
308163
308163
308163
308163
308163
308163
308163
308163
308163
308163
308163
308164
308164
308164
308164
308164
308164
308164
308164
308088
308088
308088
308098
308098
308098
308098
308098
308098
308100
308100
308100
308100
308100
308101
308101
308101
308101
308118
308118
308118
308118
308118
308118
308118
308119
308119
308119
308119
308119
308119
308119
308119
308119
308119
308119
308119
308163
308163
308163
308163
308163
308163
308163
308163
308163
308163
308163
308164
308164
308164
308164
308164
308164
308164
308164
309768
309768
309768
309768
309768
309769
309769
309769
309769
309769
309773
309773
309773
309773
309773
309773
309773
309773
309773
309773
309775
309775
309775
309775
309775
309775
309775
309776
309776
309776
309776
309776
309776
309776
309777
309777
309777
309777
309777
309777
309777
309777
309777
309803
309803
309803
309803
309803
309803
309803
309803
309803
309803
309805
309805
309805
309805
309805
309805
309805
309805
309805
309805
309805
309834
309834
309834
309834
309834
309834
309834
309834
309834
309834
309834
309836
309836
309836
309836
309836
309836
309843
309843
309843
309843
309843
309843
309843
309843
309843
309843
309849
309849
309849
309849
309849
309849
309849
309849
309850
309850
309850
309850
309850
309850
309850
309850
309850
309850
309850
309850
309852
309852
309852
309852
309852
309852
309852
309852
309852
309852
309852
309852
309852
309852
309854
309854
309854
309854
309859
309859
309859
309859
309859
309873
309873
309873
309873
309873
309873
309874
309874
309874
309874
309874
309874
309874
309877
309877
309877
309877
309877
309877
309877
309877
309877
309877
309877
309877
309877
309877
309877
309878
309878
309878
309878
309878
309878
309878
311895
311895
311895
311895
311895
311895
311895
311896
311896
311901
311901
311901
311901
311912
311912
311912
311912
311913
311913
311913
311916
311916
311916
311916
311916
311916
311916
311916
311917
311917
311917
311917
311917
311923
311923
311923
311923
311923
311923
311923
311923
311923
311923
311923
311923
311924
311924
311924
311924
311924
311924
311924
311924
311924
311924
311924
311924
311924
311924
311924
311924
311927
311927
311927
311927
311927
311927
311927
311927
311928
311928
311928
311928
311928
311928
311928
311928
311928
311928
311928
311928
311932
311932
311933
311933
311933
311933
311933
311945
311945
311945
311956
311956
311956
311976
311976
311976
311988
311988
311988
311991
311991
311991
311991
311993
311993
311993
311994
311994
311994
311994
311994
311994
311994
311994
311994
311994
311994
311994
311994
311994
311995
311995
311995
311995
311995
311995
311995
311995
312002
312004
312004
312004
312004
312004
312004
312004
313856
313856
313856
313856
313856
313856
313856
313856
313870
313870
313870
313870
313870
313870
313873
313873
313873
313873
313873
313873
313873
313873
313876
313876
313876
313876
313876
313876
313876
313876
313876
313876
313876
313876
313876
313876
313876
313876
314335
314335
314335
314335
314375
314375
314375
314375
314375
314375
314375
314389
314389
314389
314389
314389
314390
314390
314390
314390
314390
314390
314390
314390
314390
314390
315070
315070
315070
315070
315070
315070
315071
315071
315071
315071
315071
315071
315071
315071
315071
315072
315072
315072
315073
315073
315073
315073
315073
315073
315105
315105
315105
315108
315108
315116